0. 
0.487482 
0.890646 
0.963359 
0.989865 
0.776372 
0.607406 
0.670954 
0.73528 
0.785756 
0.756332 
0.699362 
0.769542 
0.85977 
0.852381 
0.812645 
0.805154 
0.715258 
0.83444 
0.817722 
0.711746 
0.823598 
0.898329 
0.834746 
0.750665 
0.651489 
0.657052 
0.674872 
0.795446 
0.799248 
0.899329 
0.832283 
0.698806 
0.711645 
0.867702 
0.835382 
0.813643 
0.703731 
0.880194 
0.696106 
0.712213 
0.686613 
0.715251 
0.749552 
0.870326 
0.76075 
0.746021 
0.851262 
0.801755 
0.762716 
0.729334 
0.825855 
0.685143 
0.895822 
0.750362 
0.889208 
0.864665 
0.829168 
0.789942 
0.744126 
0.740994 
0.796393 
0.791278 
0.694937 
0.69131 
0.791937 
0.765776 
0.856823 
0.709203 
0.677435 
0.676769 
0.683104 
0.832938 
0.83116 
0.843651 
0.739621 
0.798223 
0.842877 
0.780073 
0.770958 
0.835918 
0.663702 
0.872812 
0.691294 
0.777609 
0.789858 
0.75633 
0.885873 
0.733864 
0.89116 
0.905319 
0.718305 
0.703557 
0.874625 
0.87373 
0.689414 
0.780281 
0.731751 
0.71524 
0.850425 
0.864195 
0.773435 
0.837779 
0.76492 
0.717374 
0.783145 
0.849664 
0.719601 
0.835305 
0.674181 
0.785671 
0.746949 
0.758246 
0.663142 
0.768837 
0.703792 
0.746273 
0.70783 
0.791725 
0.659506 
0.84578 
0.88085 
0.76806 
0.736089 
0.888371 
0.750929 
0.802615 
0.866195 
0.861079 
0.907301 
0.87113 
0.794757 
0.656941 
0.874972 
0.768815 
0.755558 
0.828396 
0.868773 
0.854887 
0.684559 
0.754708 
0.880436 
0.782234 
0.694209 
0.757072 
0.832885 
0.670052 
0.924751 
0.858623 
0.781854 
0.701679 
0.611121 
0.844448 
0.878565 
0.934838 
0.805511 
0.552307 
0.04099 
-0.392817 
-0.703868 
-0.834557 
-0.939662 
-0.718844 
-0.610292 
-0.798294 
-0.883942 
-0.917301 
-0.927512 
-0.749033 
-0.656216 
-0.823717 
-0.88955 
-0.860875 
-0.843859 
-0.790471 
-0.87538 
-0.846024 
-0.675515 
-0.90083 
-0.813006 
-0.698935 
-0.77479 
-0.831578 
-0.737914 
-0.882794 
-0.871235 
-0.814989 
-0.747727 
-0.666964 
-0.851471 
-0.834253 
-0.788011 
-0.856707 
-0.855765 
-0.86278 
-0.763512 
-0.667075 
-0.715583 
-0.776636 
-0.79407 
-0.693047 
-0.677204 
-0.770304 
-0.906139 
-0.690124 
-0.819116 
-0.82492 
-0.805189 
-0.695622 
-0.862014 
-0.704294 
-0.745164 
-0.692428 
-0.886199 
-0.752736 
-0.860971 
-0.761341 
-0.721463 
-0.795319 
-0.74727 
-0.740065 
-0.667215 
-0.700393 
-0.880537 
-0.72459 
-0.881869 
-0.810711 
-0.86335 
-0.70908 
-0.752469 
-0.905826 
-0.721157 
-0.662941 
-0.776896 
-0.868432 
-0.898568 
-0.892404 
-0.794303 
-0.766688 
-0.684903 
-0.792331 
-0.753962 
-0.896688 
-0.848193 
-0.708498 
-0.734568 
-0.850691 
-0.881703 
-0.908886 
-0.768206 
-0.701221 
-0.665225 
-0.848925 
-0.686481 
-0.718639 
-0.865058 
-0.855321 
-0.793839 
-0.73452 
-0.866716 
-0.885483 
-0.687835 
-0.877516 
-0.834932 
-0.73693 
-0.827925 
-0.898611 
-0.917043 
-0.708823 
-0.751987 
-0.690496 
-0.685349 
-0.711705 
-0.913622 
-0.913769 
-0.685306 
-0.741244 
-0.866832 
-0.859067 
-0.747261 
-0.816788 
-0.74759 
-0.770086 
-0.753445 
-0.823857 
-0.745765 
-0.831354 
-0.838192 
-0.738123 
-0.783174 
-0.81208 
-0.840275 
-0.734499 
-0.729231 
-0.781993 
-0.778298 
-0.654959 
-0.724268 
-0.820495 
-0.812592 
-0.820376 
-0.710674 
-0.796651 
-0.714581 
-0.721912 
-0.957528 
-0.730803 
-0.797029 
-0.688093 
-0.806074 
-0.891926 
-0.81264 
-0.724819 
-0.476813 
-0.0901615 
